71
54
54
21 21
18 18
16 16
15 15
14 14
13 13
13 13
12 12
12 12
12 6 6 12
12 9 9 12
12 10 10 12
12 5 3 3 5 12
12 5 3 3 5 12
13 8 2 8 13
13 6 2 6 13
14 1 4 1 14
14 2 4 2 14
13 1 4 13
13 2 2 13
13 3 2 5 13
13 1 1 13 2 13
14 2 1 1 1 1 1 2 9
9 2 2 1 1 1 2 1 8
8 2 4 1 1 3 1 10
8 2 9 1 2 8
7 3 2 3 4 7
14 4 5 5 6
15 18 7 5
6 10 3 5 4 4 5
5 5 6 2 3 6 6 4
4 6 6 2 2 1 8 6 3
3 7 6 2 9 1 8 7 2
3 7 6 2 2 3 1 7 8 2
2 8 6 2 1 6 8 1
2 8 1 2 2 1 1 4 1 8 1
1 8 5 2 1 1 2 2 3 9 1
1 8 7 1 1 1 1 6 8 1
1 7 8 1 1 1 2 1 7 8 1
2 6 8 2 1 1 2 1 7 8 1
3 5 8 1 1 1 1 8 7 1
4 4 9 1 1 1 1 1 8 6 2
5 2 9 1 1 1 1 9 5 3
6 2 9 1 7 1 9 4 4
7 2 7 8 1 6
9 6 6 2 7
11 21 11
54
34 5 12
12 2 17 5 12
11 3 17 6 11
11 2 10 7 6 11
11 2 9 1 6 6 11
11 2 9 1 6 5 11
11 2 9 1 6 6 10
10 2 10 2 5 6 10
10 2 9 2 5 6 10
10 2 9 3 6 6 10
10 2 9 3 6 6 10
10 2 9 3 6 6 10
10 9 3 6 2 10
15 5 14
54
33 20
9 2 14 3 8
8 1 13 2 6
7 1 13 1 5
7 22 5
7 1 11 1 6
54
71
37 31
35 30
33 5 29
32 8 28
31 10 27
30 12 26
27 15 21 1
25 39 1
24 19 18 1
24 12 9 3 1
24 3 6 3 5 3 1
8 10 8 7 2 10 3 1
6 2 3 9 8 8 4 1
5 3 2 7 10 4 4 1
4 5 1 1 6 10 2 6 2 1 1
3 5 1 1 6 10 2 10 2 2 1
3 7 4 2 5 10 14 2 3
2 7 1 1 2 10 14 2 1 1
2 3 2 1 4 2 3 1 5 14 6 1
2 3 2 1 1 2 3 3 3 2 15 8
1 8 1 1 2 1 2 3 15 8
1 7 1 1 3 4 15 8
1 4 5 1 14 15 8
1 1 1 1 2 1 10 9
1 3 1 1 1 1 1 7 13
1 5 5 1 1 1 6 18
1 5 1 1 1 1 1 7 15
1 3 1 1 1 2 1 10 9
1 1 1 1 14 16 8
1 4 5 3 2 16 8
1 7 1 1 3 1 2 3 15 6 1
1 8 1 1 2 2 2 2 15 3 1 1
2 3 2 1 4 3 2 2 15 1 1 1
2 3 2 1 1 2 3 9 3 2 4 2 1 1
2 7 3 2 6 5 2 2 1 1
3 7 3 2 6 8 7 2 1 1
3 5 2 2 6 8 14 2 3
4 5 1 2 5 8 15 2 1 1
5 3 1 6 9 15 2 1 1 
6 2 2 6 9 14 5 1
8 9 6 9 1 10 4 1
23 4 5 3 6 4 1
23 4 7 9 3 1
23 40 1
24 1 18 18 1
27 16 19 1
28 15 20 1
29 13 22 2
31 10 26
32 8 27
33 4 28
35 29
71